1) {1} [1]
2) {57} [1, 1, 1]
3) {54} [1, 1, 1, 1, 1]
4) {51} [1, 1, 1, 1, 1, 1, 1, 1]
5) {48} [1, 1, 1, 1, 1, 1, 1, 1, 1]
6) {45} [1, 1, 1, 1, 1, 1, 1, 1, 1, 1]
7) {42} [1, 1, 1, 1, 1, 1, 1, 1, 1, 2, 1, 1, 1]
8) {39} [1, 1, 1, 1, 1, 1, 1, 1, 1, 1, 1, 1, 1, 1, 1]
9) {36} [1, 1, 1, 1, 1, 1, 1, 1, 1, 1, 1, 1, 1, 1, 1, 1, 1]
10) {33} [1, 1, 1, 1, 1, 1, 1, 1, 1, 1, 1, 1, 2, 1, 1, 1, 1, 1, 1, 1]
11) {30} [1, 1, 1, 1, 1, 1, 2, 1, 1, 1, 1, 1, 1, 1, 1]
12) {27} [1, 1, 1, 1, 1, 1, 1, 2, 1, 1, 1, 1, 1, 1, 2, 1, 1, 1, 1, 1
13) {24} [1, 1, 1, 1, 1, 1, 1, 1, 1, 1, 2, 2, 1, 1, 1, 1, 1, 1, 1, 1]
14) {21} [1, 1, 1, 1, 1, 1, 1, 1, 1, 1, 1, 1, 1]
15) {18} [1, 1, 1, 1, 3, 1, 1, 1, 1, 1, 2, 1, 1, 1, 1, 1, 1, 3, 1, 1]
16) {15} [1, 1, 1, 1, 1, 3, 1, 1, 1, 1, 1, 1, 2, 1, 1, 1, 3, 1, 1, 3]
17) {12} [3, 1, 1, 1, 1, 1, 1, 1, 3, 1, 2, 1, 1, 1, 1, 3, 1, 1, 1, 1, 1, 1, 1, 1, 1]
18) {9} [1, 1, 3, 1, 1, 2, 1, 1, 1, 1, 1, 1, 1, 1, 1, 1, 3, 2, 3, 1]
19) {6} [1, 1, 1, 1, 2, 1, 1, 1, 1, 1, 1, 1, 3, 1, 1, 1, 1, 2, 1, 1, 1, 3, 1, 1, 1]
20) {3} [1, 1, 1, 2, 1, 1, 1, 1, 3, 1, 1, 1, 2, 1, 1, 1, 1, 1, 2, 1, 1, 1, 1, 1, 3, 1, 1, 1, 3, 1]
